6
39
3.71592156458	9.63459052918	6.06098447997	6.3297535062	8.81511856854	7.75357087321	12.2457386047	17.9431762323	19.7495593356	12.8773387307	11.9093272509	17.2541742623	5.06180318126	3.17385814383	5.94434423474	16.1469819499	12.7720061553	17.3892888418	15.4668169721	1.5513558474	7.5805959399	17.6786955511	17.5484949158	10.2890666954	1.47824741924	15.7168228185	12.0477353119	7.52362740927	1.85497646118	7.56812547004	7.43955729029	4.54864003642	14.2702572621	8.51804580775	18.4334207254	10.3240611327	10.7770678153	4.53257638823	17.7963998049	6.49930099201	8.20814594827	17.613291109	4.35623970764	2.90173294216	10.8501930614	
3.06549467793	0.455356244613	5.75963781734	0.214910883436	9.14024624439	3.98001447276	8.95921512038	10.5835055153	14.302039155	3.98915485854	8.66528868386	18.1981834841	3.29120499219	7.09638339112	9.65704280603	0.185813795894	2.19303039725	0.468905403089	1.08833522806	19.251474461	19.2271867634	13.4254674177	3.82318233329	6.24318202553	17.821070534	15.0299380215	6.57345210256	3.83071900397	11.7655965553	3.24564062495	10.8656614988	5.2309746279	13.4583033482	0.945827704605	6.06681981016	5.52717943873	10.9852009001	17.4055607672	14.347865723	13.3532724971	18.3121151188	17.7616559655	15.7835296498	6.36717536788	16.498412955	
8.20319071449	8.63560639961	7.41563619775	9.86598964641	7.45865366546	7.13538411288	0.799139050739	3.6394965641	12.5891546947	1.54533967819	7.40151472736	0.658939767513	18.9623611903	3.57173883555	5.02373800025	9.1441397288	6.80724744159	6.34194100555	0.392467179586	8.43711924237	8.77932667996	6.11136762236	14.427472227	12.4978896627	14.714886609	19.1152727819	16.7899753713	2.6927472816	0.835382998783	6.97519957935	0.658976834555	12.8586323365	2.85130238324	4.00470748453	17.2195914248	13.7563249416	2.12329324015	15.3407139664	12.4994624666	18.6823619109	15.9994369143	9.13025752407	9.14647778348	3.73322885076	9.30996138995	
3.50460889568	9.60212207937	5.2047414256	5.53580475078	3.01513356401	8.91710468014	11.0826929162	8.82697572854	4.59534889016	1.25702430184	16.683181008	7.74682752951	15.5224303906	7.48340105088	11.1768534246	6.04391599014	5.85159498707	9.06592159557	12.2017500477	11.482753333	4.43083635207	2.87056979315	18.5581571118	14.7957353289	11.4749787856	19.5664472045	14.1760151814	13.1752720579	18.0998227337	2.53309404752	1.47696187724	3.90463085346	18.6760228618	8.2645268017	16.4056469364	18.5704006198	18.2993169837	12.6277327621	3.30873933772	4.36834902483	11.0724415937	0.0426678193534	7.92891721276	3.25890342444	15.0861318812	
3.14877564799	9.94948710131	7.53194284058	1.25560313822	1.6642613971	5.61213140949	3.37168517322	17.4313711965	17.4658000075	14.8507776595	0.415059423376	14.5609438776	5.06313081889	9.92339022915	4.02086806558	7.33508452112	16.9711137845	8.40153840282	4.19860979285	8.49939672914	9.74219350666	17.8473430404	3.45566318915	9.23646030837	19.7996775639	7.84537362015	4.97660025918	2.37568719519	7.25466533667	8.98513220383	16.5534403447	2.23357083687	3.60676874531	19.5806540244	19.4702295112	11.0318907671	3.3070420334	16.3681340609	11.7913955483	15.318502384	8.22228218183	8.54175368679	3.9685725542	13.6772647872	9.22638209487	
1.23752009507	5.65846694128	5.43845973742	3.2806320177	5.89281551016	5.90882929257	16.2522048194	0.387487627888	2.06649864414	16.9390732718	12.0743771128	14.3490098947	13.3048435189	9.4599252849	11.5067412933	18.4918942073	12.6642416056	6.21779202503	11.6924179921	7.22865446574	12.3525906376	6.1753516674	5.76885871162	9.27756353556	17.194765685	11.1692418311	2.72247713687	17.9891298305	4.77046232231	10.9904366393	18.1125999777	4.14229638306	3.31666127456	4.69533819118	7.97024697513	2.31761133952	3.87844750108	6.54490416487	1.92637375543	18.1738927425	10.2742075015	2.17028627985	14.9642704516	14.4543004398	18.3996069131	
6.77852181265	8.29425350809	6.74811348331	1.78970597141	9.16349904724	1.87286873519	6.60225002489	18.3791138498	7.18501819786	16.029491414	9.36750458125	14.0905030196	3.90466213063	5.98349673908	14.9459202919	13.4178641904	18.2108093379	10.5381621791	6.37646227488	16.5759858968	9.66874600663	6.26071576396	3.95841050602	13.3276871226	11.6725043371	3.1788445745	7.38216943885	8.80116814717	13.9961411423	17.6007815099	10.1985029054	8.15502664124	1.09142938694	6.04689782084	3.59430365915	7.2252461564	4.08581949359	2.21908659882	9.89184151729	9.4827813747	3.39614374634	1.17540446303	11.2191865125	6.54798703585	14.7019545521	
5.17471299228	5.34663511377	0.41170045421	7.10929497187	8.04477677051	0.800474809652	8.5077083721	7.90217750371	3.15711767689	13.2621366653	14.8027323753	0.645931924735	14.2305532564	16.1615115363	2.95313484723	8.11599787091	7.88241252858	14.6016451447	17.767636855	19.3307281118	6.65159760438	9.18063756405	4.56398182041	2.6238254599	13.4455345027	18.4900563767	16.7044676803	6.86561524952	15.8398055747	4.44725115089	11.629385428	11.9783338033	17.4386015267	10.1907714336	19.2192786508	8.39308095688	18.1353159431	4.25327764323	12.5490109691	10.3117119853	8.75881860898	15.6622866204	2.92119303116	7.34087982693	12.8686298159	
0.944385882955	3.35697007169	5.78476793889	9.74508830771	8.12104963356	6.71749538761	6.1309108749	13.8044151021	14.7651917501	5.57093951688	11.8354620905	1.32942176226	6.06388357879	18.7231811333	9.63739746904	13.4331712287	6.81052260157	12.4373405513	12.5969276795	3.66896222439	18.7341218762	8.954234382	19.2431864043	0.839515510302	16.7082131181	3.46543807066	14.5364120134	10.0396052865	8.34762393295	19.565336124	8.03979421073	19.4831613209	11.9679727767	8.14587337892	8.98960841716	5.49028753684	9.45790112814	9.73020345831	1.93707469987	2.05390774102	19.6377844205	15.5106268746	17.1408611308	18.1720686646	17.9457771332	
9.52126544374	7.39566155313	5.53367188489	5.72204342478	0.561748075048	0.662302075922	6.01040030739	17.7604731823	9.55722791901	11.6906563124	7.45211922099	11.6166413304	2.30689324341	9.26297006829	17.3362113833	0.024670047796	1.8686740042	12.1469136636	2.98469305279	0.257898071663	18.5499943673	8.32238633446	7.20432540823	18.7587382524	11.9836275648	2.18934014567	1.02314416984	5.50876368934	17.1532859276	3.77044477443	12.8336986481	19.6583829435	5.95687429045	11.1702418646	16.1817302986	9.77718659153	17.6936133169	4.65604215202	18.8763135001	10.0604420619	5.41615745887	4.76311140712	2.03754757747	9.98628568229	12.9093553621	
1.17788968716	4.06956041085	5.87576206074	9.7701286111	3.99769007747	2.4088592408	16.2112618695	12.9853555605	6.22398981992	6.65795055935	3.9231511242	1.10535743552	0.728331672147	7.2635394317	0.591846372837	1.64454185399	14.3721823361	10.4551422104	14.1066120393	11.9391663957	1.70778120666	8.45367643448	15.2224561957	16.9170330254	9.59185368759	7.75696439491	6.57097948067	18.2544499971	6.08582898618	16.8245704268	8.06863787706	3.0921994426	10.1106216523	11.530257687	0.728861137863	8.80191323372	19.4998212679	10.1846616562	18.6530106845	9.47265922011	12.9188472939	1.2288036581	1.47015275442	12.2053998905	8.62594459513	
8.94206167987	8.90024839237	4.34559130212	7.97792397055	8.79834011981	5.82834769075	12.6973263123	1.98133414566	12.0066435216	18.679284678	7.79243861815	11.4493514749	11.5150245993	9.941682148	6.16810685563	7.04640631083	19.0305833814	3.08950687652	16.5443581328	6.11399412166	19.9230430261	8.93615757515	15.9805234809	18.843333281	2.3927031697	13.7172430271	4.65587994747	12.6980365979	4.10081139198	16.8124836437	19.7961725552	5.22291188806	19.6842496463	16.6427122729	6.04018170579	9.304874762	11.8630653837	17.9725732824	5.93323306515	5.51314930194	12.6803142045	14.0025903064	11.23346109	7.00446929087	17.4946859427	
6.59579394007	1.72074169378	4.25750128731	6.22997171095	0.744305173316	1.13452933522	6.86934458954	9.42427814631	17.421625949	17.0703371872	14.7088102487	19.5350899179	15.2114928219	1.28120280989	3.03965745378	19.8104995126	13.8013721804	14.7846533061	8.9211873397	9.26258815222	18.6842494344	2.72751396762	13.1237339778	2.59369137579	5.50092705349	3.64712351448	3.28674264201	7.07487855616	14.359785425	8.80592538067	9.30817023276	19.1465845056	19.769184376	11.2710240053	0.117630289127	5.3763242477	4.65449626881	6.3904395366	4.10758679569	14.7080259366	8.54994173159	0.0366381888874	8.9665826474	0.26923934294	15.0096179969	
0.0240534360796	1.67963694126	1.74197097964	1.95605245266	6.31599674778	4.92200291223	19.8769920634	17.5847899459	12.6530663746	16.5402217631	9.0036759487	6.90664508412	1.29665084669	17.9558754941	11.7686478069	15.4956674824	12.1996666264	12.2196258143	17.5681916848	1.06241464881	12.7007793963	12.7574309945	9.37110832571	3.01962715541	8.62636542445	5.20510130264	13.9619241694	13.4140959947	16.5469566571	13.7697867053	6.60296810929	9.92250003538	4.84185004306	15.1131403448	16.9884745549	6.82147822469	13.0087004558	12.4461984481	7.46399230191	9.90002501726	0.465203012888	13.3963503741	6.65919180832	19.9472095803	8.30448825434	
6.05700419025	8.47484280118	0.107835976613	7.84072639315	3.28480079566	0.406780922065	4.65774518905	4.53344105207	4.01212744109	12.9891530389	1.30906230037	7.17434648627	19.1847036281	7.85272223575	1.91957105222	5.74046915322	3.84640554262	7.70140678488	15.2058629682	0.0236910257481	16.0320550046	11.8803252088	11.8642524734	19.9335656214	1.24245178082	16.7123627503	16.3385134436	7.17651346257	5.67215350431	12.3046872317	4.17421909365	0.251843507629	14.6928725748	17.9223723282	18.3739750388	0.0932161912022	16.7286864277	18.0547998615	3.75885991903	18.7835084919	10.1262477039	3.16273073043	14.7420896165	8.48741744337	0.840838445935	
0.466626664966	4.70999915025	2.1583671643	1.42320474377	9.49646896505	7.54653147294	10.3703126859	8.67880937121	0.279860615775	6.8992232757	2.78007246253	2.98379908565	1.22847395819	11.4585966032	5.41633277625	12.480769879	8.49828767704	18.4312391116	8.53772875902	7.34449269498	16.817139709	17.0479212538	17.2132839787	9.64626844383	1.46300737336	2.59874442215	6.48065168974	16.2994456122	14.1950951735	6.56068466399	19.4552691723	6.4402559022	14.1361003356	2.51953278159	5.68391682584	11.5423188	17.4774170031	2.17399274694	9.92817043227	3.92400802122	4.61741408156	11.7231153886	1.49514400238	3.29157378273	16.1926934457	
7.45342376376	1.50019645047	9.4775885339	0.722428253623	6.63356418235	0.854038673371	17.8644468632	19.0980115672	12.3634947031	1.66459614645	16.2249887652	13.7728191674	6.50405157104	6.50331283481	16.989976288	7.98152089409	0.749577207615	19.7012814541	1.36990718916	16.7321326316	18.9710040035	13.5091342947	11.6795654965	0.45907412618	1.62346354114	4.96016381267	2.73791225111	2.03623598599	9.45436244522	1.86986150394	2.70180491816	2.32842327155	8.4174049171	11.4212743687	0.564019988798	13.0246055327	18.4907751245	7.54974589296	10.1623021065	8.56634894999	12.2536610019	14.0594629194	11.9117613791	12.6707972102	0.0848709774029	
1.51083623718	1.50004546006	7.96195204567	5.78913708411	1.9040770848	9.09963354383	13.592214151	12.4656530531	16.3396277973	13.4808027168	4.35504868924	12.9680529091	7.32852066898	0.362856282094	6.53462095079	6.99276056976	9.84557318346	18.7933618757	18.8536160352	11.6175585951	16.8205843485	2.60267999162	17.1636293524	14.3387778319	14.7820104607	0.53931363265	19.8253913848	19.8579608243	2.69469241659	18.5012208936	17.1404536426	10.1094441891	13.1487919524	12.6033906594	18.0915238853	11.1355225902	3.18765863435	17.5351013841	9.87088840451	5.00880978366	3.40992182411	16.7513959222	1.99388202214	7.90732618858	5.58499261908	
1.98091588368	9.01823051353	2.49949593533	6.29586039856	0.862460145806	1.95638430957	7.78421113588	3.59036254814	18.0815196035	19.9139960051	3.49377831289	14.2210969194	12.3117613102	7.94141728906	10.6714455998	18.9196712842	11.1175017947	7.53317479328	11.0798392093	3.33890947707	18.8658273863	5.92295368574	12.0210079909	10.6198463284	8.49870909926	8.26516725871	15.9467329128	4.6529703847	6.69627259458	6.68656328589	6.00415635589	18.2592913093	6.03460141399	1.81059925	18.5483747054	10.0804078939	16.5034410674	11.3004129552	13.4660771001	19.5542535279	5.583279734	2.31133074603	4.59029107343	1.85594060748	9.82460912787	
8.96529557038	4.45737525828	3.09721673162	0.00236832895613	7.0846039025	3.67398802296	13.9972388036	1.63900448837	1.41332257185	4.86889092985	3.98045720427	5.596198384	17.5705838197	0.738624400982	12.8372028195	15.1902553645	6.36251230579	8.30593780818	10.4467283924	9.32706075704	0.214422683449	10.978232924	3.74973447113	12.75387428	16.19995202	19.8216284315	8.16062142087	2.67189973008	12.7548256557	10.812505543	1.34995417602	14.8515231887	14.5827279185	9.35471749533	4.89169833771	8.28592812946	11.6219980186	7.10757757848	4.01897344856	9.28543771913	6.64354069198	16.1953218505	1.59247639259	7.94729390854	17.9433084737	
